Generator Losses:
2.338493809887567
2.34544328060248
2.326620286833073
2.334436512696738
2.3969322472568657
2.4434532985670945
2.421008288376145
2.3992156533921767
2.373771895603932
2.3375373553801624
2.356328098475296
2.33201787282178
2.3183110446285724
2.333940689509727
2.3081279537931576
2.31693850153784
2.3070173036241797
2.3458383517573154
2.3797389706672383
2.4058088356228455
2.372864129707415
2.389139836086275
2.377222045765518
2.3975097644323973
2.393767392854499
2.3965617207290273
2.3762392640470593
2.4129235397908055
2.425256739064331
2.4395948806447114
2.4110256197514723
2.3877421652164763
2.4514080400189666
2.392329100871402
2.465428706569109
2.412793383276223
2.457392199572563
2.3989645108141007
2.4467754819139347
2.445894559003594
2.4107852778714047
2.4169721369459976
2.424052243764811
2.423327591032898
2.45653683912963
2.431859246631523
2.4312545924474156
2.431664169114999
2.4366111520418197
2.4621542752324235
2.431086445884248
2.4429512181410478
2.3976504511178787
2.514820446005842
2.451595881139177
2.4741477307319233
2.43416646506451
2.4485538689791517
2.4567763112762537
2.4931724859945485
2.4344953997311505
2.4970840007232367
2.4319318813765953
2.387996366871071
2.489157276359467
2.456826812744956
2.465149019456613
2.4447469929437853
2.4358243481019155
2.4511605626551094
2.469831173824622
2.414825016130184
2.4479610686018813
2.4218423630040444
2.4694124040770804
2.409612582197756
2.4524635150423415
2.479451123849609
2.4531016910417613
2.431252286086586
2.476099739221489
2.455755777112334
2.5052357261738445
2.4369283244364177
2.4803922532103213
2.401092970610786
2.440301477373946
2.4842947217938023
2.440098450396906
2.468022728435195
2.4861185430919783
2.484694094982041
2.448463687584817
2.5181865438838043
2.401346186074807
2.491940674592206
2.4069055690373964
2.53109079336906
2.5101931924848486
2.6145604319325773

Discriminator Losses:
0.2931435217060763
0.28979977868201134
0.3409381345322164
0.29148102247495844
0.23417971267111284
0.16092627499031176
0.14026813312581382
0.13662345941381965
0.11431564892673655
0.1286151579009029
0.09206343155199771
0.13116243459895896
0.12522387271727084
0.09340185415303927
0.12816297173159227
0.1990100987464215
0.27551355109561604
0.2874063024438309
0.18439543476888082
0.17256206600134855
0.16507742758529748
0.17007281513691153
0.19566860704078742
0.19396893421443623
0.1613931651838369
0.20944389502679936
0.23587095186069715
0.1674379183384803
0.08233805514502571
0.13313173364040407
0.1705988368506027
0.13817202885463586
0.15655064807552566
0.19666324266562635
0.16431455613902718
0.1192041343637846
0.14017024320041002
0.11628909641817091
0.19729496442361258
0.14856932995352748
0.1350703866130626
0.13278483956822884
0.13337126904131003
0.13526913570419316
0.1181167834750948
0.12762766455106242
0.1406237599258751
0.1344251946831626
0.09287882697549117
0.13013373319953106
0.11226609099836317
0.13016312246303646
0.10691133181892205
0.12253425211548907
0.1177949335214265
0.12088455147037856
0.1320032757627704
0.08860460736172839
0.12796740043014862
0.11144916711008003
0.07752304099732711
0.1143378639118304
0.136804815869127
0.11362794989838641
0.09182435897819606
0.09883350932627419
0.0870700064479553
0.13237876002288568
0.10863619356592556
0.10272697725481791
0.08743760650304583
0.10882352018516228
0.11092477393595007
0.09429878866847075
0.0972713823627335
0.10025347221934194
0.10230649814014445
0.07100521071362872
0.11468391261943872
0.09309855144106205
0.09160205457310179
0.10526920029636298
0.08669846510381628
0.07675861166419828
0.08960946234697241
0.16289927970893545
0.08210184808713776
0.08528684627052911
0.09016117242982355
0.06487174926054126
0.05579556815776944
0.06730498986094935
0.11040165194984351
0.08203489806776999
0.10459329824506051
0.09341061958193447
0.07805709036440613
0.04329519090292455
0.040462649127332294
0.03346692783062837
